((1986, 12), 53)
((1954, 12), 3)
((1951, 12), 5)
((1983, 12), 4)
((1967, 12), 6)
((2000, 12), 29)
((1984, 12), 6)
((1964, 12), 23)
((1953, 12), 58)
((1994, 12), 17)
((1957, 12), 4)
((1989, 12), 8)
((2005, 12), 1)
((2014, 12), 1)
((1950, 12), 1)
((1979, 12), 35)
((2011, 12), 61)
((2007, 12), 3)
((1991, 12), 6)
((1975, 12), 1)
((1960, 12), 2)
((2013, 12), 8)
((2006, 12), 125)
((1958, 12), 4)
((1990, 12), 2)
((1971, 12), 27)
((1955, 12), 7)
((1987, 12), 1)
((1956, 12), 8)
((1972, 12), 8)
((1961, 12), 7)
((1977, 12), 15)
((1993, 12), 2)
((1975, 11), 163)
((2007, 11), 149)
((1991, 11), 30)
((1959, 11), 19)
((1962, 11), 63)
((2010, 11), 49)
((1978, 11), 229)
((1994, 11), 107)
((2009, 11), 114)
((1961, 11), 140)
((1977, 11), 193)
((1993, 11), 1)
((1972, 11), 176)
((2004, 11), 122)
((1956, 11), 4)
((1988, 11), 1)
((1969, 11), 135)
((1953, 11), 42)
((1985, 11), 16)
((2001, 11), 150)
((1980, 11), 55)
((1996, 11), 179)
((2012, 11), 56)
((1964, 11), 19)
((1955, 11), 22)
((1971, 11), 241)
((2003, 11), 79)
((1987, 11), 43)
((1976, 11), 33)
((2008, 11), 106)
((1992, 11), 39)
((1960, 11), 19)
((1999, 11), 225)
((1983, 11), 160)
((1967, 11), 73)
((1951, 11), 22)
((1986, 11), 138)
((1954, 11), 21)
((1970, 11), 41)
((1990, 11), 56)
((2006, 11), 145)
((1974, 11), 19)
((1958, 11), 11)
((1989, 11), 128)
((2005, 11), 195)
((1957, 11), 49)
((1973, 11), 116)
((1984, 11), 179)
((2000, 11), 87)
((1968, 11), 85)
((1952, 11), 1)
((2011, 11), 197)
((1995, 11), 24)
((1979, 11), 21)
((1963, 11), 19)
((2014, 11), 158)
((1982, 11), 180)
((1966, 11), 70)
((1950, 11), 2)
((1981, 11), 45)
((1997, 11), 69)
((2013, 11), 114)
((1965, 11), 68)
((1985, 10), 317)
((1969, 10), 346)
((2001, 10), 279)
((1953, 10), 114)
((1962, 10), 305)
((1994, 10), 257)
((1978, 10), 340)
((2010, 10), 277)
((2011, 10), 279)
((1995, 10), 302)
((1979, 10), 272)
((1963, 10), 286)
((1990, 10), 294)
((1974, 10), 269)
((2006, 10), 276)
((1958, 10), 124)
((2007, 10), 266)
((1959, 10), 126)
((1975, 10), 340)
((1991, 10), 269)
((1976, 10), 269)
((1992, 10), 268)
((1960, 10), 103)
((2008, 10), 226)
((1971, 10), 347)
((1987, 10), 317)
((1955, 10), 117)
((2003, 10), 203)
((1972, 10), 378)
((1988, 10), 285)
((2004, 10), 255)
((1956, 10), 103)
((2013, 10), 270)
((1965, 10), 335)
((1981, 10), 325)
((1997, 10), 229)
((1996, 10), 301)
((1964, 10), 288)
((1980, 10), 249)
((2012, 10), 242)
((1973, 10), 349)
((1989, 10), 239)
((2005, 10), 298)
((1957, 10), 93)
((2014, 10), 270)
((1982, 10), 315)
((1966, 10), 265)
((1998, 10), 228)
((1950, 10), 46)
((1967, 10), 324)
((1983, 10), 246)
((1999, 10), 243)
((1951, 10), 113)
((1984, 10), 321)
((2000, 10), 315)
((1968, 10), 245)
((1952, 10), 62)
((1993, 10), 206)
((2009, 10), 164)
((1977, 10), 303)
((1961, 10), 268)
((1986, 10), 298)
((1970, 10), 345)
((2002, 10), 185)
((1954, 10), 91)
((1963, 9), 310)
((1979, 9), 351)
((2011, 9), 315)
((1995, 9), 315)
((1970, 9), 369)
((1986, 9), 323)
((2002, 9), 323)
((1954, 9), 119)
((1961, 9), 269)
((1977, 9), 353)
((1993, 9), 280)
((2009, 9), 312)
((1966, 9), 360)
((1998, 9), 326)
((2014, 9), 296)
((1982, 9), 334)
((1950, 9), 50)
((1989, 9), 316)
((2005, 9), 307)
((1973, 9), 376)
((1957, 9), 129)
((2012, 9), 306)
((1964, 9), 297)
((1980, 9), 338)
((1996, 9), 340)
((1984, 9), 327)
((1968, 9), 356)
((2000, 9), 322)
((1952, 9), 114)
((1967, 9), 361)
((1999, 9), 328)
((1951, 9), 112)
((1983, 9), 332)
((1974, 9), 370)
((1990, 9), 312)
((2006, 9), 309)
((1958, 9), 129)
((1997, 9), 340)
((2013, 9), 299)
((1981, 9), 335)
((1965, 9), 358)
((1988, 9), 315)
((2004, 9), 321)
((1956, 9), 127)
((1972, 9), 375)
((1971, 9), 374)
((1987, 9), 323)
((2003, 9), 320)
((1955, 9), 126)
((1978, 9), 358)
((1962, 9), 300)
((1994, 9), 299)
((2010, 9), 316)
((1969, 9), 359)
((1985, 9), 327)
((2001, 9), 322)
((1953, 9), 117)
((1976, 9), 365)
((1992, 9), 304)
((2008, 9), 302)
((1960, 9), 127)
((2007, 9), 300)
((1959, 9), 127)
((1975, 9), 369)
((1991, 9), 311)
((1961, 8), 269)
((1977, 8), 354)
((1993, 8), 293)
((2009, 8), 311)
((2010, 8), 318)
((1962, 8), 301)
((1978, 8), 350)
((1994, 8), 300)
((2007, 8), 302)
((1959, 8), 125)
((1975, 8), 367)
((1991, 8), 315)
((1968, 8), 357)
((2000, 8), 325)
((1984, 8), 318)
((1952, 8), 115)
((1997, 8), 337)
((2013, 8), 300)
((1965, 8), 354)
((1981, 8), 334)
((2014, 8), 296)
((1950, 8), 49)
((1966, 8), 359)
((1982, 8), 326)
((1998, 8), 326)
((1963, 8), 311)
((1979, 8), 340)
((1995, 8), 318)
((2011, 8), 316)
((1972, 8), 376)
((1988, 8), 316)
((2004, 8), 320)
((1956, 8), 127)
((2001, 8), 323)
((1985, 8), 314)
((1969, 8), 357)
((1953, 8), 119)
((1970, 8), 370)
((2002, 8), 322)
((1986, 8), 304)
((1954, 8), 119)
((1967, 8), 358)
((1983, 8), 330)
((1999, 8), 327)
((1951, 8), 112)
((2008, 8), 313)
((1992, 8), 310)
((1960, 8), 127)
((1976, 8), 363)
((1973, 8), 373)
((1989, 8), 316)
((2005, 8), 306)
((1957, 8), 130)
((1990, 8), 316)
((2006, 8), 309)
((1974, 8), 372)
((1958, 8), 130)
((1971, 8), 375)
((2003, 8), 320)
((1987, 8), 320)
((1955, 8), 124)
((1996, 8), 341)
((2012, 8), 310)
((1964, 8), 300)
((1980, 8), 330)
((1967, 7), 351)
((1983, 7), 319)
((1999, 7), 329)
((1951, 7), 111)
((2002, 7), 324)
((1986, 7), 294)
((1970, 7), 362)
((1954, 7), 119)
((2009, 7), 312)
((1961, 7), 266)
((1977, 7), 350)
((1993, 7), 291)
((1973, 7), 370)
((2005, 7), 307)
((1957, 7), 130)
((1989, 7), 312)
((2008, 7), 314)
((1976, 7), 356)
((1992, 7), 311)
((1960, 7), 126)
((1975, 7), 358)
((1991, 7), 314)
((2007, 7), 304)
((1959, 7), 126)
((1996, 7), 342)
((2012, 7), 310)
((1980, 7), 324)
((1964, 7), 301)
((1995, 7), 291)
((2011, 7), 319)
((1979, 7), 345)
((1963, 7), 308)
((2014, 7), 297)
((1950, 7), 49)
((1966, 7), 352)
((1982, 7), 321)
((1998, 7), 326)
((1962, 7), 300)
((1994, 7), 302)
((2010, 7), 318)
((1978, 7), 343)
((1969, 7), 349)
((2001, 7), 324)
((1953, 7), 118)
((1985, 7), 304)
((1956, 7), 127)
((1972, 7), 374)
((1988, 7), 306)
((2004, 7), 319)
((1987, 7), 319)
((2003, 7), 321)
((1971, 7), 370)
((1955, 7), 124)
((1974, 7), 362)
((2006, 7), 310)
((1990, 7), 308)
((1958, 7), 129)
((1981, 7), 329)
((1997, 7), 333)
((1965, 7), 349)
((2013, 7), 301)
((1968, 7), 353)
((1984, 7), 312)
((2000, 7), 320)
((1952, 7), 115)
((2008, 6), 316)
((1992, 6), 310)
((1976, 6), 368)
((1960, 6), 127)
((1969, 6), 352)
((1985, 6), 324)
((2001, 6), 324)
((1953, 6), 119)
((1970, 6), 369)
((2002, 6), 326)
((1986, 6), 314)
((1954, 6), 119)
((1979, 6), 351)
((1963, 6), 310)
((1995, 6), 294)
((2011, 6), 318)
((1978, 6), 354)
((2010, 6), 320)
((1962, 6), 297)
((1994, 6), 303)
((2003, 6), 323)
((1971, 6), 374)
((1987, 6), 323)
((1955, 6), 125)
((1964, 6), 303)
((1980, 6), 332)
((1996, 6), 345)
((2012, 6), 310)
((1975, 6), 368)
((1991, 6), 321)
((2007, 6), 303)
((1959, 6), 128)
((2000, 6), 321)
((1984, 6), 324)
((1952, 6), 114)
((1968, 6), 357)
((2009, 6), 310)
((1961, 6), 268)
((1977, 6), 364)
((1993, 6), 289)
((1973, 6), 377)
((1989, 6), 315)
((2005, 6), 311)
((1957, 6), 128)
((1974, 6), 372)
((1990, 6), 313)
((2006, 6), 310)
((1958, 6), 130)
((1999, 6), 330)
((1983, 6), 337)
((1967, 6), 359)
((1951, 6), 110)
((1972, 6), 375)
((1988, 6), 322)
((2004, 6), 319)
((1956, 6), 127)
((1965, 6), 355)
((1997, 6), 338)
((2013, 6), 302)
((1981, 6), 331)
((2014, 6), 298)
((1998, 6), 326)
((1982, 6), 339)
((1966, 6), 360)
((1950, 6), 47)
((1988, 5), 320)
((1972, 5), 375)
((2004, 5), 321)
((1956, 5), 125)
((1963, 5), 310)
((1995, 5), 292)
((1979, 5), 354)
((2011, 5), 315)
((1994, 5), 299)
((1962, 5), 292)
((1978, 5), 352)
((2010, 5), 319)
((1967, 5), 363)
((1983, 5), 336)
((1999, 5), 325)
((1951, 5), 98)
((1966, 5), 354)
((1998, 5), 322)
((2014, 5), 296)
((1982, 5), 330)
((1950, 5), 46)
((1965, 5), 344)
((1981, 5), 337)
((1997, 5), 319)
((2013, 5), 301)
((1970, 5), 366)
((2002, 5), 324)
((1986, 5), 317)
((1954, 5), 119)
((1985, 5), 325)
((2001, 5), 315)
((1969, 5), 335)
((1953, 5), 118)
((2008, 5), 316)
((1960, 5), 127)
((1976, 5), 369)
((1992, 5), 311)
((1993, 5), 292)
((2009, 5), 308)
((1977, 5), 351)
((1961, 5), 268)
((1968, 5), 355)
((2000, 5), 323)
((1984, 5), 333)
((1952, 5), 114)
((1975, 5), 367)
((1959, 5), 127)
((1991, 5), 290)
((2007, 5), 300)
((1974, 5), 370)
((1990, 5), 307)
((2006, 5), 307)
((1958, 5), 127)
((1973, 5), 377)
((1989, 5), 318)
((2005, 5), 302)
((1957, 5), 126)
((1980, 5), 337)
((1996, 5), 342)
((2012, 5), 308)
((1964, 5), 304)
((2003, 5), 321)
((1955, 5), 119)
((1971, 5), 373)
((1987, 5), 320)
((1988, 4), 220)
((1972, 4), 245)
((2004, 4), 267)
((1956, 4), 84)
((2009, 4), 274)
((1961, 4), 244)
((1993, 4), 278)
((1977, 4), 238)
((1986, 4), 260)
((2002, 4), 290)
((1970, 4), 131)
((1954, 4), 65)
((1965, 4), 304)
((1981, 4), 248)
((1997, 4), 190)
((2013, 4), 208)
((2006, 4), 229)
((1974, 4), 344)
((1990, 4), 279)
((1958, 4), 81)
((2003, 4), 292)
((1955, 4), 81)
((1987, 4), 261)
((1971, 4), 242)
((1983, 4), 235)
((1967, 4), 279)
((1999, 4), 277)
((1951, 4), 88)
((1968, 4), 322)
((2000, 4), 271)
((1952, 4), 107)
((1984, 4), 313)
((2005, 4), 255)
((1989, 4), 268)
((1973, 4), 243)
((1957, 4), 107)
((1966, 4), 300)
((1998, 4), 271)
((2014, 4), 254)
((1982, 4), 246)
((1950, 4), 36)
((1963, 4), 283)
((2011, 4), 289)
((1995, 4), 188)
((1979, 4), 227)
((1996, 4), 263)
((2012, 4), 215)
((1964, 4), 263)
((1980, 4), 262)
((1969, 4), 291)
((2001, 4), 230)
((1953, 4), 104)
((1985, 4), 134)
((1978, 4), 241)
((1994, 4), 269)
((1962, 4), 270)
((2010, 4), 222)
((1991, 4), 263)
((2007, 4), 263)
((1959, 4), 115)
((1975, 4), 269)
((2008, 4), 296)
((1960, 4), 98)
((1976, 4), 294)
((1992, 4), 181)
((1968, 3), 202)
((2000, 3), 157)
((1952, 3), 1)
((1984, 3), 1)
((1991, 3), 162)
((2007, 3), 201)
((1959, 3), 63)
((1975, 3), 30)
((2010, 3), 65)
((1994, 3), 89)
((1978, 3), 99)
((1962, 3), 1)
((1961, 3), 197)
((1977, 3), 99)
((1993, 3), 96)
((2009, 3), 47)
((1972, 3), 175)
((2004, 3), 139)
((1956, 3), 61)
((1988, 3), 8)
((2011, 3), 104)
((1995, 3), 59)
((1963, 3), 1)
((1979, 3), 10)
((1982, 3), 196)
((1998, 3), 142)
((2014, 3), 169)
((1966, 3), 33)
((1950, 3), 26)
((1965, 3), 179)
((1997, 3), 156)
((1981, 3), 123)
((2013, 3), 9)
((1976, 3), 43)
((1992, 3), 73)
((2008, 3), 73)
((1960, 3), 18)
((1999, 3), 148)
((1967, 3), 160)
((1983, 3), 17)
((1954, 3), 34)
((2002, 3), 154)
((1986, 3), 14)
((1970, 3), 1)
((1953, 3), 77)
((2001, 3), 1)
((2012, 3), 172)
((1964, 3), 35)
((1980, 3), 3)
((1996, 3), 3)
((2003, 3), 140)
((1971, 3), 14)
((1987, 3), 24)
((1955, 3), 1)
((1974, 3), 222)
((1990, 3), 193)
((1958, 3), 4)
((2006, 3), 5)
((1957, 3), 69)
((1973, 3), 274)
((2005, 3), 127)
((1989, 3), 133)
((1976, 2), 17)
((2008, 2), 25)
((1992, 2), 4)
((1960, 2), 1)
((1953, 2), 7)
((2001, 2), 10)
((1962, 2), 1)
((1998, 2), 59)
((2014, 2), 15)
((1951, 2), 1)
((2000, 2), 3)
((1995, 2), 1)
((2012, 2), 60)
((1973, 2), 4)
((1989, 2), 39)
((1957, 2), 2)
((1993, 2), 15)
((1961, 2), 48)
((2002, 2), 31)
((1954, 2), 1)
((2003, 2), 2)
((1955, 2), 3)
((2004, 2), 5)
((1956, 2), 2)
((2013, 2), 6)
((1997, 2), 2)
((1990, 2), 148)
((1974, 2), 4)
((1958, 2), 1)
((1959, 2), 17)
((1975, 2), 14)
((1993, 1), 1)
((1984, 1), 1)
((1983, 1), 26)
((1971, 1), 16)
((1955, 1), 2)
((1990, 1), 3)
((1958, 1), 1)
((1956, 1), 2)
((1988, 1), 2)
((1992, 1), 23)
((1960, 1), 1)
((2007, 1), 47)
((1959, 1), 3)
((1975, 1), 10)
((1991, 1), 1)
((1998, 1), 4)
((1973, 1), 14)
((1989, 1), 23)
((2005, 1), 32)
((1957, 1), 2)
((1979, 1), 1)
((1954, 1), 3)
